年龄	事件id	事件id	事件id	事件id	事件id	事件id	事件id	事件id	事件id	事件id	事件id	事件id	事件id	事件id	事件id	事件id	事件id	事件id	事件id	事件id	事件id	事件id
0	01000*0.000001	01001*0.000001
0	00000*0.499999	00001*0.499999
0	00002*0.08	00003*0.22	00004*0.1	00005*0.15	00006*0.15	00007*0.3
1	10003*999	10004*0.2	10005*0.01	10006*0.01	10007*0.01	10008*0.1	10009*0.1	10010*0.1	10011*0.05	10012*0.1	10013*0.1	10014*0.1
2	10023*0.2	10024*0.2	10025*0.2	10026*0.2	10027*0.2	10028*0.2
3	10033	10034	10035	10024
4	10038	10024
5	10044	10045	10046	10047	10048	10049	10050	10051	10052
6	10064
6	10044	10045	10046	10047	10048	10049	10050	10051	10052	10066	10067	10068	10069
7	10044	10045	10046	10047	10048	10049	10050	10051	10052	10068	10069	10072	10073	10074	10075	10076	10077	10078	10079	10085	10086
8	10044	10045	10046	10047	10048	10049	10050	10051	10052	10068	10069	10072	10073	10074	10075	10076	10077	10078	10079	10085	10086
9	10044	10045	10046	10047	10048	10049	10050	10051	10052	10068	10069	10072	10073	10074	10075	10076	10077	10078	10079	10081	10085	10086
10	10086	10045	10046	10047	10048	10049	10050	10051	10052	10068	10069	10072	10073	10074	10075	10076	10077	10078	10079	10081	10084	10085
11	10086	10045	10046	10047	10048	10049	10050	10051	10052	10068	10069	10072	10073	10074	10075	10076	10077	10078	10079	10081	10084	10085